0,411
0,410
0,409
0,408
0,407
95,4
95,3
95,2
0,406
95,1
95,0
0,405
94,5
0,404
94,4
94,3
94,2
94,1
94,0
93,4
93,3
93,2
93,1
93,0
0,403
0,402
0,401
92,4
92,3
92,2
92,1
92,0
0,278
0,400
0,399
0,386
89,52
89,51
89,50
89,49
89,48
89,47
89,46
89,45
89,44
89,43
89,42
89,41
89,40
89,39
89,38
89,37
89,36
29,1
29,3
28,2
0,273
0,270
91,4
91,3
91,2
91,1
91,0
90,3
90,2
0,9
90,1
90,0
89,35
3,2
10,304
10,259
10,29
10,243
10,250
10,111
10,122
10,284
11,18
11,23
11,25
9,5
9,2
9,3
8,6
8,14
8,11
8,2
8,3
47,7
47,6
47,5
47,4
